2 20.31
263 20.31
1 22.79
619 22.79
222 22.79
3 23.37
417 23.37
264 23.37
458 26.89
87 27.26
101 27.26
446 27.30
258 27.30
447 27.30
266 27.30
22 27.30
21 27.30
454 27.31
419 27.31
293 27.36
102 27.36
388 27.47
30 27.47
334 27.47
782 27.47
402 27.47
772 27.47
555 27.47
117 27.47
321 27.47
267 27.72
27 27.72
28 27.72
259 27.72
436 27.72
437 27.72
24 27.88
392 27.88
449 27.91
303 28.07
254 28.07
448 28.09
403 28.55
311 28.55
435 28.55
31 28.55
253 28.55
315 28.55
627 28.55
371 28.59
154 28.59
71 28.75
624 28.75
621 28.75
181 28.75
114 28.75
227 28.75
568 28.81
725 28.89
582 28.89
598 28.89
299 28.89
16 28.89
294 28.90
138 28.90
445 28.96
356 28.96
25 28.96
407 28.96
19 28.96
793 29.10
540 29.10
524 29.10
29 29.23
398 29.23
642 29.26
18 29.31
339 29.31
79 29.31
367 29.31
647 29.36
265 29.40
11 29.40
423 29.40
557 29.47
325 29.47
220 29.47
182 29.57
269 29.57
870 29.60
488 29.60
484 29.60
861 29.64
137 29.72
863 29.72
237 29.72
88 29.72
251 29.72
346 29.89
35 29.89
429 29.89
375 30.02
232 30.02
378 30.04
273 30.04
171 30.04
390 30.04
752 30.04
370 30.13
153 30.13
434 30.29
305 30.31
431 30.31
33 30.31
111 30.31
631 30.31
276 30.31
150 30.37
323 30.37
14 30.38
240 30.38
433 30.40
554 30.47
658 30.55
661 30.55
459 30.55
878 30.55
15 30.56
233 30.56
7 30.61
355 30.61
444 30.71
649 30.72
827 30.72
620 30.72
174 30.72
717 30.72
285 30.72
683 30.72
122 30.72
332 30.72
842 30.72
387 30.75
180 30.75
354 30.75
219 30.75
875 30.75
610 30.89
129 30.89
249 30.89
691 30.90
455 30.96
319 31.08
75 31.08
666 31.13
664 31.13
214 31.13
278 31.13
440 31.17
185 31.23
296 31.23
109 31.25
633 31.25
172 31.25
719 31.25
574 31.27
179 31.28
236 31.28
335 31.29
428 31.29
34 31.29
583 31.31
595 31.31
734 31.31
414 31.31
160 31.31
364 31.42
282 31.42
831 31.42
818 31.42
852 31.47
498 31.47
822 31.47
645 31.47
643 31.47
223 31.47
9 31.47
421 31.47
418 31.55
858 31.56
89 31.61
141 31.61
687 31.61
365 31.63
39 31.63
802 31.64
556 31.64
430 31.71
32 31.71
290 31.71
663 31.72
670 31.72
694 31.72
864 31.74
828 31.87
292 31.87
838 31.87
107 31.87
637 31.87
615 31.88
495 31.88
427 31.89
425 31.89
713 31.91
709 31.91
12 31.91
131 31.91
163 31.91
602 31.91
149 31.91
36 31.91
322 31.91
47 32.00
613 32.00
224 32.00
716 32.02
614 32.02
703 32.02
803 32.02
805 32.02
271 32.02
272 32.02
396 32.02
391 32.02
416 32.04
211 32.04
176 32.04
92 32.04
144 32.04
560 32.04
177 32.04
629 32.04
628 32.04
127 32.04
145 32.04
612 32.04
116 32.04
115 32.04
125 32.09
608 32.09
13 32.09
678 32.13
749 32.13
651 32.13
533 32.23
846 32.23
789 32.23
841 32.23
543 32.23
578 32.23
409 32.25
584 32.25
283 32.25
159 32.25
353 32.25
733 32.25
596 32.25
17 32.26
385 32.34
169 32.34
801 32.41
824 32.41
839 32.41
313 32.41
136 32.41
490 32.47
68 32.47
329 32.47
86 32.47
44 32.47
443 32.51
636 32.51
369 32.53
118 32.53
328 32.55
270 32.55
231 32.57
377 32.57
52 32.57
291 32.57
562 32.58
347 32.61
711 32.61
699 32.61
38 32.61
10 32.63
257 32.63
422 32.63
856 32.66
702 32.70
715 32.70
635 32.70
587 32.72
594 32.72
228 32.72
288 32.72
871 32.72
239 32.74
5 32.74
438 32.77
513 32.77
511 32.77
70 32.81
126 32.81
607 32.81
453 32.83
432 32.83
456 32.83
60 32.83
393 32.83
840 32.84
832 32.84
8 32.88
119 32.88
420 32.88
170 32.89
382 32.89
43 32.93
479 32.93
348 32.93
366 32.96
61 32.96
821 32.96
505 32.96
412 32.96
848 32.96
55 32.96
865 33.03
859 33.03
830 33.08
845 33.08
194 33.10
95 33.10
544 33.10
502 33.12
850 33.12
837 33.12
807 33.16
812 33.16
563 33.21
230 33.26
327 33.26
616 33.26
671 33.28
675 33.28
314 33.40
183 33.40
441 33.40
37 33.40
317 33.40
186 33.42
372 33.42
561 33.49
779 33.49
753 33.49
603 33.49
100 33.52
307 33.52
549 33.52
452 33.56
69 33.57
349 33.57
491 33.57
301 33.58
151 33.58
742 33.58
626 33.61
120 33.62
67 33.62
623 33.62
622 33.62
225 33.62
173 33.62
121 33.62
226 33.62
199 33.62
493 33.62
720 33.62
548 33.62
97 33.62
788 33.62
268 33.65
50 33.65
23 33.70
399 33.70
404 33.70
499 33.70
65 33.70
866 33.70
820 33.70
234 33.70
851 33.70
49 33.70
451 33.74
345 33.78
6 33.78
204 33.80
374 33.80
497 33.81
617 33.81
360 33.82
152 33.82
514 33.82
521 33.82
685 33.83
140 33.83
26 33.83
66 33.83
212 33.83
492 33.83
592 33.87
589 33.87
210 33.87
308 33.87
657 33.91
680 33.91
99 33.99
306 33.99
546 33.99
260 34.02
261 34.02
462 34.02
463 34.02
472 34.02
473 34.02
410 34.02
406 34.02
726 34.04
48 34.04
597 34.04
581 34.04
216 34.04
73 34.04
217 34.04
879 34.04
880 34.04
331 34.05
688 34.05
143 34.05
312 34.05
53 34.05
844 34.10
819 34.10
732 34.10
78 34.10
357 34.10
817 34.13
843 34.13
790 34.23
512 34.29
380 34.29
64 34.29
791 34.37
542 34.37
526 34.37
718 34.40
337 34.40
648 34.40
175 34.40
682 34.40
20 34.40
139 34.40
684 34.40
46 34.41
625 34.41
113 34.41
567 34.41
593 34.41
585 34.41
302 34.41
247 34.41
59 34.46
411 34.46
401 34.46
289 34.46
450 34.47
384 34.51
108 34.51
221 34.53
373 34.53
575 34.57
457 34.57
195 34.58
394 34.58
110 34.70
105 34.70
213 34.70
632 34.70
207 34.70
640 34.70
72 34.70
241 34.70
518 34.72
517 34.72
318 34.74
51 34.74
134 34.78
128 34.78
243 34.78
235 34.78
654 34.82
676 34.82
201 34.82
786 34.82
295 34.82
693 34.83
690 34.83
168 34.84
280 34.84
569 34.85
854 34.85
833 34.85
570 34.85
494 34.85
442 34.87
262 34.87
379 34.87
806 34.92
341 34.92
187 34.92
520 34.96
795 34.99
57 34.99
738 34.99
509 34.99
158 34.99
90 34.99
192 34.99
552 34.99
519 34.99
796 35.03
166 35.03
193 35.03
63 35.03
91 35.03
553 35.03
730 35.03
501 35.03
256 35.07
343 35.07
564 35.10
855 35.12
424 35.13
426 35.13
246 35.19
857 35.19
184 35.19
252 35.19
324 35.19
507 35.23
188 35.28
82 35.28
157 35.28
799 35.28
737 35.28
565 35.28
508 35.28
56 35.28
697 35.31
710 35.31
281 35.31
248 35.31
639 35.37
106 35.37
275 35.37
358 35.39
81 35.39
659 35.40
810 35.40
674 35.40
165 35.40
83 35.40
566 35.40
500 35.40
800 35.40
189 35.40
62 35.40
729 35.40
672 35.42
650 35.42
279 35.46
209 35.46
834 35.47
825 35.47
197 35.52
395 35.52
814 35.52
750 35.53
743 35.53
362 35.54
255 35.54
705 35.55
744 35.55
516 35.55
712 35.55
203 35.58
326 35.58
689 35.58
692 35.58
877 35.61
483 35.65
481 35.65
823 35.66
849 35.66
504 35.66
813 35.70
751 35.70
523 35.70
124 35.81
376 35.81
748 35.82
679 35.82
653 35.82
352 35.85
309 35.85
338 35.85
297 35.85
467 35.85
471 35.85
469 35.85
465 35.85
847 35.86
815 35.86
506 35.86
611 35.86
605 35.86
590 36.02
721 36.02
460 36.02
461 36.02
474 36.02
475 36.02
600 36.02
161 36.10
386 36.10
745 36.14
747 36.14
470 36.19
468 36.19
464 36.19
466 36.19
344 36.19
363 36.19
304 36.19
316 36.19
208 36.19
277 36.19
200 36.19
763 36.19
785 36.19
776 36.19
287 36.19
123 36.19
677 36.19
618 36.19
667 36.19
655 36.19
665 36.19
330 36.19
80 36.25
205 36.25
351 36.25
368 36.25
641 36.31
104 36.31
198 36.31
787 36.31
538 36.37
798 36.37
527 36.37
836 36.37
829 36.37
415 36.37
604 36.37
135 36.37
191 36.37
250 36.37
148 36.41
218 36.41
876 36.41
503 36.46
634 36.46
439 36.46
872 36.47
727 36.47
826 36.55
853 36.55
496 36.55
300 36.57
76 36.57
809 36.64
804 36.64
164 36.65
42 36.65
478 36.65
686 36.70
286 36.70
142 36.70
723 36.76
244 36.76
146 36.76
274 36.81
58 36.81
784 36.94
550 36.94
759 36.94
54 36.99
340 36.99
573 37.07
808 37.07
741 37.12
646 37.12
644 37.12
811 37.19
673 37.19
668 37.19
662 37.19
656 37.19
4 37.21
162 37.21
515 37.24
405 37.31
400 37.31
298 37.31
797 37.31
190 37.31
528 37.31
167 37.31
539 37.31
202 37.31
764 37.35
336 37.35
112 37.35
630 37.35
774 37.35
571 37.40
577 37.40
816 37.42
835 37.42
700 37.46
698 37.46
103 37.46
476 37.46
40 37.46
591 37.47
588 37.47
130 37.47
359 37.47
761 37.47
775 37.47
178 37.52
133 37.52
606 37.52
660 37.54
652 37.54
874 37.62
873 37.62
522 37.70
579 37.70
862 37.72
389 37.89
84 37.89
98 37.94
545 37.94
284 37.94
559 38.02
758 38.02
780 38.02
320 38.02
413 38.02
85 38.02
77 38.02
147 38.05
245 38.05
310 38.05
397 38.05
739 38.07
530 38.19
537 38.19
333 38.19
229 38.19
869 38.19
765 38.25
755 38.25
736 38.28
361 38.29
155 38.29
45 38.29
132 38.29
601 38.29
196 38.37
383 38.37
482 38.46
480 38.46
609 38.55
868 38.57
724 38.57
794 38.57
572 38.57
706 38.59
696 38.59
695 38.62
638 38.62
714 38.62
681 38.76
669 38.76
707 38.84
704 38.84
96 38.89
206 38.89
547 38.89
768 38.99
754 38.99
731 38.99
74 39.18
242 39.18
94 39.18
783 39.18
860 39.18
551 39.18
757 39.18
408 39.18
41 39.28
477 39.28
156 39.28
485 39.31
489 39.31
867 39.31
722 39.31
599 39.31
586 39.31
350 39.35
215 39.35
535 39.35
532 39.35
342 39.47
238 39.47
536 39.47
529 39.47
525 39.52
792 39.52
541 39.52
93 39.77
381 39.77
576 40.02
487 40.05
708 40.05
701 40.05
486 40.05
510 40.07
766 40.38
735 40.38
769 40.38
762 40.53
773 40.53
728 40.65
746 40.65
558 40.72
781 40.72
760 40.72
767 40.74
777 40.74
740 40.76
580 41.18
534 42.53
531 42.53
770 42.65
756 42.65
771 42.76
778 42.76
