No.1
1 2 15 16
12 14 3 5
13 7 10 4
8 11 6 9

No.2
1 2 15 16
13 14 3 4
12 7 10 5
8 11 6 9

No.3
1 2 16 15
13 14 4 3
12 7 9 6
8 11 5 10

No.4
1 3 14 16
10 13 4 7
15 6 11 2
8 12 5 9

No.5
1 3 14 16
12 13 4 5
15 8 9 2
6 10 7 11

No.6
1 3 14 16
15 13 4 2
10 6 11 7
8 12 5 9

No.7
1 3 14 16
15 13 4 2
12 8 9 5
6 10 7 11

No.8
1 3 16 14
8 15 2 9
13 6 11 4
12 10 5 7

No.9
1 3 16 14
12 15 2 5
13 10 7 4
8 6 9 11

No.10
1 3 16 14
13 15 2 4
8 6 11 9
12 10 5 7

No.11
1 3 16 14
13 15 2 4
12 10 7 5
8 6 9 11

No.12
1 4 13 16
8 14 3 9
15 5 12 2
10 11 6 7

No.13
1 4 13 16
8 15 2 9
14 5 12 3
11 10 7 6

No.14
1 4 13 16
12 14 3 5
15 9 8 2
6 7 10 11

No.15
1 4 13 16
12 15 2 5
14 9 8 3
7 6 11 10

No.16
1 4 13 16
14 15 2 3
8 5 12 9
11 10 7 6

No.17
1 4 13 16
14 15 2 3
12 9 8 5
7 6 11 10

No.18
1 4 13 16
15 14 3 2
8 5 12 9
10 11 6 7

No.19
1 4 13 16
15 14 3 2
12 9 8 5
6 7 10 11

No.20
1 4 14 15
9 12 6 7
16 5 11 2
8 13 3 10

No.21
1 4 14 15
13 16 2 3
8 5 11 10
12 9 7 6

No.22
1 4 14 15
13 16 2 3
12 9 7 6
8 5 11 10

No.23
1 4 14 15
16 11 5 2
9 6 12 7
8 13 3 10

No.24
1 4 14 15
16 13 3 2
7 6 12 9
10 11 5 8

No.25
1 4 14 15
16 13 3 2
11 10 8 5
6 7 9 12

No.26
1 4 15 14
9 12 7 6
16 5 10 3
8 13 2 11

No.27
1 4 15 14
13 16 3 2
8 5 10 11
12 9 6 7

No.28
1 4 15 14
13 16 3 2
12 9 6 7
8 5 10 11

No.29
1 4 15 14
16 10 5 3
9 7 12 6
8 13 2 11

No.30
1 4 15 14
16 13 2 3
6 7 12 9
11 10 5 8

No.31
1 4 15 14
16 13 2 3
10 11 8 5
7 6 9 12

No.32
1 4 16 13
14 15 3 2
7 6 10 11
12 9 5 8

No.33
1 4 16 13
14 15 3 2
11 10 6 7
8 5 9 12

No.34
1 4 16 13
15 14 2 3
6 7 11 10
12 9 5 8

No.35
1 4 16 13
15 14 2 3
10 11 7 6
8 5 9 12

No.36
1 5 12 16
10 11 6 7
15 4 13 2
8 14 3 9

No.37
1 5 12 16
14 11 6 3
15 8 9 2
4 10 7 13

No.38
1 5 12 16
15 11 6 2
10 4 13 7
8 14 3 9

No.39
1 5 12 16
15 11 6 2
14 8 9 3
4 10 7 13

No.40
1 5 16 12
8 14 3 9
10 4 13 7
15 11 2 6

No.41
1 5 16 12
10 14 3 7
8 4 13 9
15 11 2 6

No.42
1 5 16 12
10 14 3 7
15 11 6 2
8 4 9 13

No.43
1 5 16 12
15 14 3 2
10 11 6 7
8 4 9 13

No.44
1 6 11 16
7 15 2 10
14 4 13 3
12 9 8 5

No.45
1 6 11 16
8 12 5 9
15 3 14 2
10 13 4 7

No.46
1 6 11 16
8 15 2 9
12 3 14 5
13 10 7 4

No.47
1 6 11 16
12 10 7 5
13 3 14 4
8 15 2 9

No.48
1 6 11 16
12 15 2 5
8 3 14 9
13 10 7 4

No.49
1 6 11 16
12 15 2 5
14 9 8 3
7 4 13 10

No.50
1 6 11 16
13 10 7 4
12 3 14 5
8 15 2 9

No.51
1 6 11 16
14 12 5 3
15 9 8 2
4 7 10 13

No.52
1 6 11 16
14 15 2 3
7 4 13 10
12 9 8 5

No.53
1 6 11 16
14 15 2 3
12 9 8 5
7 4 13 10

No.54
1 6 11 16
15 12 5 2
8 3 14 9
10 13 4 7

No.55
1 6 11 16
15 12 5 2
14 9 8 3
4 7 10 13

No.56
1 6 12 15
11 16 2 5
8 3 13 10
14 9 7 4

No.57
1 6 12 15
11 16 2 5
14 9 7 4
8 3 13 10

No.58
1 6 12 15
13 10 8 3
16 7 9 2
4 11 5 14

No.59
1 6 12 15
16 9 7 2
13 8 10 3
4 11 5 14

No.60
1 6 12 15
16 11 5 2
7 4 14 9
10 13 3 8

No.61
1 6 12 15
16 11 5 2
13 10 8 3
4 7 9 14

No.62
1 6 15 12
11 16 5 2
8 3 10 13
14 9 4 7

No.63
1 6 15 12
11 16 5 2
14 9 4 7
8 3 10 13

No.64
1 6 15 12
16 11 2 5
4 7 14 9
13 10 3 8

No.65
1 6 15 12
16 11 2 5
10 13 8 3
7 4 9 14

No.66
1 6 16 11
12 15 5 2
7 4 10 13
14 9 3 8

No.67
1 6 16 11
12 15 5 2
13 10 4 7
8 3 9 14

No.68
1 6 16 11
15 12 2 5
4 7 13 10
14 9 3 8

No.69
1 6 16 11
15 12 2 5
10 13 7 4
8 3 9 14

No.70
1 7 10 16
8 12 5 9
14 2 15 3
11 13 4 6

No.71
1 7 10 16
8 14 3 9
12 2 15 5
13 11 6 4

No.72
1 7 10 16
12 9 8 5
15 4 13 2
6 14 3 11

No.73
1 7 10 16
12 14 3 5
8 2 15 9
13 11 6 4

No.74
1 7 10 16
12 14 3 5
15 9 8 2
6 4 13 11

No.75
1 7 10 16
14 9 8 3
15 6 11 2
4 12 5 13

No.76
1 7 10 16
14 12 5 3
8 2 15 9
11 13 4 6

No.77
1 7 10 16
14 12 5 3
15 9 8 2
4 6 11 13

No.78
1 7 10 16
15 9 8 2
12 4 13 5
6 14 3 11

No.79
1 7 10 16
15 9 8 2
14 6 11 3
4 12 5 13

No.80
1 7 10 16
15 12 5 2
14 9 8 3
4 6 11 13

No.81
1 7 10 16
15 14 3 2
12 9 8 5
6 4 13 11

No.82
1 7 12 14
10 16 3 5
8 2 13 11
15 9 6 4

No.83
1 7 12 14
10 16 3 5
15 9 6 4
8 2 13 11

No.84
1 7 12 14
16 10 5 3
6 4 15 9
11 13 2 8

No.85
1 7 12 14
16 10 5 3
13 11 8 2
4 6 9 15

No.86
1 7 14 12
6 15 4 9
11 2 13 8
16 10 3 5

No.87
1 7 14 12
8 13 2 11
9 4 15 6
16 10 3 5

No.88
1 7 14 12
9 15 4 6
8 2 13 11
16 10 3 5

No.89
1 7 14 12
9 15 4 6
16 10 5 3
8 2 11 13

No.90
1 7 14 12
10 16 5 3
8 2 11 13
15 9 4 6

No.91
1 7 14 12
10 16 5 3
15 9 4 6
8 2 11 13

No.92
1 7 14 12
11 13 2 8
6 4 15 9
16 10 3 5

No.93
1 7 14 12
16 10 3 5
4 6 15 9
13 11 2 8

No.94
1 7 14 12
16 10 3 5
11 13 8 2
6 4 9 15

No.95
1 7 16 10
11 13 4 6
14 12 5 3
8 2 9 15

No.96
1 7 16 10
12 14 5 3
6 4 11 13
15 9 2 8

No.97
1 7 16 10
12 14 5 3
13 11 4 6
8 2 9 15

No.98
1 7 16 10
14 12 3 5
4 6 13 11
15 9 2 8

No.99
1 7 16 10
14 12 3 5
11 13 6 4
8 2 9 15

No.100
1 7 16 10
14 13 4 3
11 12 5 6
8 2 9 15