No.101
1 8 9 16
7 13 4 10
14 2 15 3
12 11 6 5

No.102
1 8 9 16
14 13 4 3
7 2 15 10
12 11 6 5

No.103
1 8 10 15
5 14 4 11
16 3 13 2
12 9 7 6

No.104
1 8 10 15
11 14 4 5
16 9 7 2
6 3 13 12

No.105
1 8 10 15
12 13 3 6
7 2 16 9
14 11 5 4

No.106
1 8 10 15
13 12 6 3
16 9 7 2
4 5 11 14

No.107
1 8 10 15
14 11 5 4
7 2 16 9
12 13 3 6

No.108
1 8 10 15
16 13 3 2
5 4 14 11
12 9 7 6

No.109
1 8 11 14
10 15 4 5
16 9 6 3
7 2 13 12

No.110
1 8 11 14
12 13 2 7
6 3 16 9
15 10 5 4

No.111
1 8 11 14
13 12 7 2
16 9 6 3
4 5 10 15

No.112
1 8 11 14
15 10 5 4
6 3 16 9
12 13 2 7

No.113
1 8 12 13
6 15 3 10
11 2 14 7
16 9 5 4

No.114
1 8 12 13
7 14 2 11
10 3 15 6
16 9 5 4

No.115
1 8 12 13
10 15 3 6
7 2 14 11
16 9 5 4

No.116
1 8 12 13
11 14 2 7
6 3 15 10
16 9 5 4

No.117
1 8 12 13
14 11 7 2
15 10 6 3
4 5 9 16

No.118
1 8 12 13
15 10 6 3
14 11 7 2
4 5 9 16

No.119
1 8 13 12
3 15 6 10
16 2 11 5
14 9 4 7

No.120
1 8 13 12
10 15 6 3
16 9 4 5
7 2 11 14

No.121
1 8 13 12
11 14 7 2
16 9 4 5
6 3 10 15

No.122
1 8 13 12
14 11 2 7
4 5 16 9
15 10 3 6

No.123
1 8 13 12
15 10 3 6
4 5 16 9
14 11 2 7

No.124
1 8 13 12
16 11 2 5
3 6 15 10
14 9 4 7

No.125
1 8 14 11
4 15 5 10
13 2 12 7
16 9 3 6

No.126
1 8 14 11
7 12 2 13
10 5 15 4
16 9 3 6

No.127
1 8 14 11
10 15 5 4
7 2 12 13
16 9 3 6

No.128
1 8 14 11
12 13 7 2
15 10 4 5
6 3 9 16

No.129
1 8 14 11
13 12 2 7
4 5 15 10
16 9 3 6

No.130
1 8 14 11
15 10 4 5
12 13 7 2
6 3 9 16

No.131
1 8 15 10
4 14 5 11
13 3 12 6
16 9 2 7

No.132
1 8 15 10
6 12 3 13
11 5 14 4
16 9 2 7

No.133
1 8 15 10
11 14 5 4
6 3 12 13
16 9 2 7

No.134
1 8 15 10
12 13 6 3
14 11 4 5
7 2 9 16

No.135
1 8 15 10
13 12 3 6
4 5 14 11
16 9 2 7

No.136
1 8 15 10
14 11 4 5
12 13 6 3
7 2 9 16

No.137
1 9 8 16
7 15 2 10
14 4 13 3
12 6 11 5

No.138
1 9 8 16
14 15 2 3
7 4 13 10
12 6 11 5

No.139
1 9 16 8
4 12 5 13
14 6 11 3
15 7 2 10

No.140
1 9 16 8
4 12 5 13
15 7 10 2
14 6 3 11

No.141
1 9 16 8
7 15 10 2
14 4 5 11
12 6 3 13

No.142
1 9 16 8
14 12 5 3
4 6 11 13
15 7 2 10

No.143
1 9 16 8
15 12 5 2
4 7 10 13
14 6 3 11

No.144
1 10 7 16
8 15 2 9
12 3 14 5
13 6 11 4

No.145
1 10 7 16
8 15 2 9
14 5 12 3
11 4 13 6

No.146
1 10 7 16
12 8 9 5
15 3 14 2
6 13 4 11

No.147
1 10 7 16
12 13 4 5
15 8 9 2
6 3 14 11

No.148
1 10 7 16
12 15 2 5
8 3 14 9
13 6 11 4

No.149
1 10 7 16
14 8 9 3
15 5 12 2
4 11 6 13

No.150
1 10 7 16
14 11 6 3
15 8 9 2
4 5 12 13

No.151
1 10 7 16
14 15 2 3
8 5 12 9
11 4 13 6

No.152
1 10 7 16
15 8 9 2
12 3 14 5
6 13 4 11

No.153
1 10 7 16
15 8 9 2
14 5 12 3
4 11 6 13

No.154
1 10 7 16
15 11 6 2
14 8 9 3
4 5 12 13

No.155
1 10 7 16
15 13 4 2
12 8 9 5
6 3 14 11

No.156
1 10 8 15
5 14 4 11
16 3 13 2
12 7 9 6

No.157
1 10 8 15
7 16 2 9
12 3 13 6
14 5 11 4

No.158
1 10 8 15
7 16 2 9
14 5 11 4
12 3 13 6

No.159
1 10 8 15
16 7 9 2
11 4 14 5
6 13 3 12

No.160
1 10 8 15
16 7 9 2
13 6 12 3
4 11 5 14

No.161
1 10 8 15
16 13 3 2
5 4 14 11
12 7 9 6

No.162
1 10 15 8
3 13 6 12
14 4 11 5
16 7 2 9

No.163
1 10 15 8
5 11 4 14
12 6 13 3
16 7 2 9

No.164
1 10 15 8
5 14 11 4
16 3 6 9
12 7 2 13

No.165
1 10 15 8
7 16 9 2
12 3 6 13
14 5 4 11

No.166
1 10 15 8
7 16 9 2
14 5 4 11
12 3 6 13

No.167
1 10 15 8
12 13 6 3
5 4 11 14
16 7 2 9

No.168
1 10 15 8
14 11 4 5
3 6 13 12
16 7 2 9

No.169
1 10 15 8
16 6 3 9
5 11 14 4
12 7 2 13

No.170
1 10 15 8
16 7 2 9
4 11 14 5
13 6 3 12

No.171
1 10 15 8
16 7 2 9
6 13 12 3
11 4 5 14

No.172
1 10 16 7
8 15 9 2
11 4 6 13
14 5 3 12

No.173
1 10 16 7
8 15 9 2
13 6 4 11
12 3 5 14

No.174
1 10 16 7
15 8 2 9
4 11 13 6
14 5 3 12

No.175
1 10 16 7
15 8 2 9
6 13 11 4
12 3 5 14

No.176
1 11 6 16
7 13 4 10
14 2 15 3
12 8 9 5

No.177
1 11 6 16
8 14 3 9
12 2 15 5
13 7 10 4

No.178
1 11 6 16
8 14 3 9
15 5 12 2
10 4 13 7

No.179
1 11 6 16
12 8 9 5
14 2 15 3
7 13 4 10

No.180
1 11 6 16
12 14 3 5
8 2 15 9
13 7 10 4

No.181
1 11 6 16
12 14 3 5
13 7 10 4
8 2 15 9

No.182
1 11 6 16
13 14 3 4
12 7 10 5
8 2 15 9

No.183
1 11 6 16
14 8 9 3
12 2 15 5
7 13 4 10

No.184
1 11 6 16
14 8 9 3
15 5 12 2
4 10 7 13

No.185
1 11 6 16
14 13 4 3
7 2 15 10
12 8 9 5

No.186
1 11 6 16
15 8 9 2
14 5 12 3
4 10 7 13

No.187
1 11 6 16
15 14 3 2
8 5 12 9
10 4 13 7

No.188
1 11 8 14
6 16 3 9
12 2 13 7
15 5 10 4

No.189
1 11 8 14
6 16 3 9
15 5 10 4
12 2 13 7

No.190
1 11 8 14
16 6 9 3
10 4 15 5
7 13 2 12

No.191
1 11 8 14
16 6 9 3
13 7 12 2
4 10 5 15

No.192
1 11 14 8
6 16 9 3
12 2 7 13
15 5 4 10

No.193
1 11 14 8
6 16 9 3
15 5 4 10
12 2 7 13

No.194
1 11 14 8
7 13 12 2
16 4 5 9
10 6 3 15

No.195
1 11 14 8
16 5 4 9
7 12 13 2
10 6 3 15

No.196
1 11 14 8
16 6 3 9
4 10 15 5
13 7 2 12

No.197
1 11 14 8
16 6 3 9
7 13 12 2
10 4 5 15

No.198
1 11 16 6
8 14 9 3
10 4 7 13
15 5 2 12

No.199
1 11 16 6
8 14 9 3
13 7 4 10
12 2 5 15

No.200
1 11 16 6
14 8 3 9
4 10 13 7
15 5 2 12

No.201
1 11 16 6
14 8 3 9
7 13 10 4
12 2 5 15