No.201
1 11 16 6
14 8 3 9
7 13 10 4
12 2 5 15

No.202
1 12 5 16
10 13 4 7
15 6 11 2
8 3 14 9

No.203
1 12 5 16
14 9 8 3
15 6 11 2
4 7 10 13

No.204
1 12 5 16
15 9 8 2
14 6 11 3
4 7 10 13

No.205
1 12 5 16
15 13 4 2
10 6 11 7
8 3 14 9

No.206
1 12 6 15
7 14 4 9
16 5 11 2
10 3 13 8

No.207
1 12 6 15
8 13 3 10
11 2 16 5
14 7 9 4

No.208
1 12 6 15
13 8 10 3
16 5 11 2
4 9 7 14

No.209
1 12 6 15
13 10 8 3
16 7 9 2
4 5 11 14

No.210
1 12 6 15
14 7 9 4
11 2 16 5
8 13 3 10

No.211
1 12 6 15
16 9 7 2
13 8 10 3
4 5 11 14

No.212
1 12 7 14
6 15 4 9
16 5 10 3
11 2 13 8

No.213
1 12 7 14
8 13 2 11
10 3 16 5
15 6 9 4

No.214
1 12 7 14
13 8 11 2
16 5 10 3
4 9 6 15

No.215
1 12 7 14
15 6 9 4
10 3 16 5
8 13 2 11

No.216
1 12 8 13
6 15 3 10
11 2 14 7
16 5 9 4

No.217
1 12 8 13
7 14 2 11
10 3 15 6
16 5 9 4

No.218
1 12 8 13
10 15 3 6
7 2 14 11
16 5 9 4

No.219
1 12 8 13
11 14 2 7
6 3 15 10
16 5 9 4

No.220
1 12 8 13
14 7 11 2
15 6 10 3
4 9 5 16

No.221
1 12 8 13
15 6 10 3
14 7 11 2
4 9 5 16

No.222
1 12 13 8
2 14 7 11
15 3 10 6
16 5 4 9

No.223
1 12 13 8
3 15 10 6
16 2 7 9
14 5 4 11

No.224
1 12 13 8
6 10 3 15
11 7 14 2
16 5 4 9

No.225
1 12 13 8
6 15 10 3
16 5 4 9
11 2 7 14

No.226
1 12 13 8
7 14 11 2
16 5 4 9
10 3 6 15

No.227
1 12 13 8
11 14 7 2
6 3 10 15
16 5 4 9

No.228
1 12 13 8
14 7 2 11
4 9 16 5
15 6 3 10

No.229
1 12 13 8
15 6 3 10
4 9 16 5
14 7 2 11

No.230
1 12 13 8
15 10 3 6
2 7 14 11
16 5 4 9

No.231
1 12 13 8
16 7 2 9
3 10 15 6
14 5 4 11

No.232
1 12 13 8
16 9 4 5
2 7 14 11
15 6 3 10

No.233
1 12 14 7
4 15 9 6
13 2 8 11
16 5 3 10

No.234
1 12 14 7
6 15 9 4
11 2 8 13
16 5 3 10

No.235
1 12 14 7
8 13 11 2
15 6 4 9
10 3 5 16

No.236
1 12 14 7
11 8 2 13
6 9 15 4
16 5 3 10

No.237
1 12 14 7
13 8 2 11
4 9 15 6
16 5 3 10

No.238
1 12 14 7
15 6 4 9
8 13 11 2
10 3 5 16

No.239
1 12 15 6
3 13 8 10
14 4 9 7
16 5 2 11

No.240
1 12 15 6
4 14 9 7
13 3 8 10
16 5 2 11

No.241
1 12 15 6
7 9 4 14
10 8 13 3
16 5 2 11

No.242
1 12 15 6
7 14 9 4
10 3 8 13
16 5 2 11

No.243
1 12 15 6
8 13 10 3
14 7 4 9
11 2 5 16

No.244
1 12 15 6
10 8 3 13
7 9 14 4
16 5 2 11

No.245
1 12 15 6
10 13 8 3
7 4 9 14
16 5 2 11

No.246
1 12 15 6
13 8 3 10
4 9 14 7
16 5 2 11

No.247
1 12 15 6
14 7 4 9
8 13 10 3
11 2 5 16

No.248
1 12 15 6
14 9 4 7
3 8 13 10
16 5 2 11

No.249
1 13 4 16
8 12 5 9
14 2 15 3
11 7 10 6

No.250
1 13 4 16
8 12 5 9
15 3 14 2
10 6 11 7

No.251
1 13 4 16
12 8 9 5
14 2 15 3
7 11 6 10

No.252
1 13 4 16
12 8 9 5
15 3 14 2
6 10 7 11

No.253
1 13 4 16
14 8 9 3
12 2 15 5
7 11 6 10

No.254
1 13 4 16
14 12 5 3
8 2 15 9
11 7 10 6

No.255
1 13 4 16
15 8 9 2
12 3 14 5
6 10 7 11

No.256
1 13 4 16
15 12 5 2
8 3 14 9
10 6 11 7

No.257
1 13 8 12
3 15 6 10
16 2 11 5
14 4 9 7

No.258
1 13 8 12
4 16 5 9
14 2 11 7
15 3 10 6

No.259
1 13 8 12
4 16 5 9
15 3 10 6
14 2 11 7

No.260
1 13 8 12
16 4 9 5
10 6 15 3
7 11 2 14

No.261
1 13 8 12
16 4 9 5
11 7 14 2
6 10 3 15

No.262
1 13 8 12
16 11 2 5
3 6 15 10
14 4 9 7

No.263
1 13 12 8
2 14 7 11
15 3 10 6
16 4 5 9

No.264
1 13 12 8
2 14 7 11
16 4 9 5
15 3 6 10

No.265
1 13 12 8
3 15 10 6
16 2 7 9
14 4 5 11

No.266
1 13 12 8
4 16 9 5
14 2 7 11
15 3 6 10

No.267
1 13 12 8
4 16 9 5
15 3 6 10
14 2 7 11

No.268
1 13 12 8
6 10 3 15
11 7 14 2
16 4 5 9

No.269
1 13 12 8
11 14 7 2
6 3 10 15
16 4 5 9

No.270
1 13 12 8
15 10 3 6
2 7 14 11
16 4 5 9

No.271
1 13 12 8
16 4 5 9
6 10 15 3
11 7 2 14

No.272
1 13 12 8
16 4 5 9
7 11 14 2
10 6 3 15

No.273
1 13 12 8
16 7 2 9
3 10 15 6
14 4 5 11

No.274
1 13 16 4
6 10 7 11
12 8 9 5
15 3 2 14

No.275
1 13 16 4
8 12 9 5
10 6 7 11
15 3 2 14

No.276
1 13 16 4
8 12 9 5
11 7 6 10
14 2 3 15

No.277
1 13 16 4
12 8 5 9
6 10 11 7
15 3 2 14

No.278
1 13 16 4
12 8 5 9
7 11 10 6
14 2 3 15

No.279
1 13 16 4
12 10 7 5
6 8 9 11
15 3 2 14

No.280
1 14 3 16
10 11 6 7
15 4 13 2
8 5 12 9

No.281
1 14 3 16
12 9 8 5
15 4 13 2
6 7 10 11

No.282
1 14 3 16
15 9 8 2
12 4 13 5
6 7 10 11

No.283
1 14 3 16
15 11 6 2
10 4 13 7
8 5 12 9

No.284
1 14 4 15
7 12 6 9
16 3 13 2
10 5 11 8

No.285
1 14 4 15
8 11 5 10
13 2 16 3
12 7 9 6

No.286
1 14 4 15
9 12 6 7
16 5 11 2
8 3 13 10

No.287
1 14 4 15
11 8 10 5
16 3 13 2
6 9 7 12

No.288
1 14 4 15
12 7 9 6
13 2 16 3
8 11 5 10

No.289
1 14 4 15
16 11 5 2
9 6 12 7
8 3 13 10

No.290
1 14 7 12
4 15 6 9
16 3 10 5
13 2 11 8

No.291
1 14 7 12
6 15 4 9
11 2 13 8
16 3 10 5

No.292
1 14 7 12
8 11 2 13
10 5 16 3
15 4 9 6

No.293
1 14 7 12
8 13 2 11
9 4 15 6
16 3 10 5

No.294
1 14 7 12
9 15 4 6
8 2 13 11
16 3 10 5

No.295
1 14 7 12
11 8 13 2
16 3 10 5
6 9 4 15

No.296
1 14 7 12
11 13 2 8
6 4 15 9
16 3 10 5

No.297
1 14 7 12
15 4 9 6
10 5 16 3
8 11 2 13

No.298
1 14 7 12
16 5 10 3
9 4 15 6
8 11 2 13

No.299
1 14 8 11
4 15 5 10
13 2 12 7
16 3 9 6

No.300
1 14 8 11
7 12 2 13
10 5 15 4
16 3 9 6