No.301
1 14 8 11
10 15 5 4
7 2 12 13
16 3 9 6

No.302
1 14 8 11
12 7 13 2
15 4 10 5
6 9 3 16

No.303
1 14 8 11
13 12 2 7
4 5 15 10
16 3 9 6

No.304
1 14 8 11
15 4 10 5
12 7 13 2
6 9 3 16

No.305
1 14 11 8
4 15 10 5
16 3 6 9
13 2 7 12

No.306
1 14 11 8
7 12 13 2
16 3 6 9
10 5 4 15

No.307
1 14 11 8
7 13 12 2
16 4 5 9
10 3 6 15

No.308
1 14 11 8
12 7 2 13
6 9 16 3
15 4 5 10

No.309
1 14 11 8
15 4 5 10
6 9 16 3
12 7 2 13

No.310
1 14 11 8
16 5 4 9
7 12 13 2
10 3 6 15

No.311
1 14 12 7
4 15 9 6
13 2 8 11
16 3 5 10

No.312
1 14 12 7
6 15 9 4
11 2 8 13
16 3 5 10

No.313
1 14 12 7
8 11 13 2
15 4 6 9
10 5 3 16

No.314
1 14 12 7
11 8 2 13
6 9 15 4
16 3 5 10

No.315
1 14 12 7
13 8 2 11
4 9 15 6
16 3 5 10

No.316
1 14 12 7
15 4 6 9
8 11 13 2
10 5 3 16

No.317
1 14 15 4
5 11 8 10
12 6 9 7
16 3 2 13

No.318
1 14 15 4
6 12 9 7
11 5 8 10
16 3 2 13

No.319
1 14 15 4
7 9 6 12
10 8 11 5
16 3 2 13

No.320
1 14 15 4
7 12 9 6
10 5 8 11
16 3 2 13

No.321
1 14 15 4
8 11 10 5
12 7 6 9
13 2 3 16

No.322
1 14 15 4
10 8 5 11
7 9 12 6
16 3 2 13

No.323
1 14 15 4
10 11 8 5
7 6 9 12
16 3 2 13

No.324
1 14 15 4
11 8 5 10
6 9 12 7
16 3 2 13

No.325
1 14 15 4
12 7 6 9
8 11 10 5
13 2 3 16

No.326
1 14 15 4
12 9 6 7
5 8 11 10
16 3 2 13

No.327
1 15 2 16
12 10 7 5
13 3 14 4
8 6 11 9

No.328
1 15 2 16
13 10 7 4
12 3 14 5
8 6 11 9

No.329
1 15 4 14
6 12 7 9
16 2 13 3
11 5 10 8

No.330
1 15 4 14
8 10 5 11
13 3 16 2
12 6 9 7

No.331
1 15 4 14
9 12 7 6
16 5 10 3
8 2 13 11

No.332
1 15 4 14
10 8 11 5
16 2 13 3
7 9 6 12

No.333
1 15 4 14
12 6 9 7
13 3 16 2
8 10 5 11

No.334
1 15 4 14
16 10 5 3
9 7 12 6
8 2 13 11

No.335
1 15 6 12
4 14 7 9
16 2 11 5
13 3 10 8

No.336
1 15 6 12
8 10 3 13
11 5 16 2
14 4 9 7

No.337
1 15 6 12
10 8 13 3
16 2 11 5
7 9 4 14

No.338
1 15 6 12
14 4 9 7
11 5 16 2
8 10 3 13

No.339
1 15 8 10
4 14 5 11
13 3 12 6
16 2 9 7

No.340
1 15 8 10
6 12 3 13
11 5 14 4
16 2 9 7

No.341
1 15 8 10
11 14 5 4
6 3 12 13
16 2 9 7

No.342
1 15 8 10
12 6 13 3
14 4 11 5
7 9 2 16

No.343
1 15 8 10
13 12 3 6
4 5 14 11
16 2 9 7

No.344
1 15 8 10
14 4 11 5
12 6 13 3
7 9 2 16

No.345
1 15 10 8
3 13 6 12
14 4 11 5
16 2 7 9

No.346
1 15 10 8
4 14 11 5
16 2 7 9
13 3 6 12

No.347
1 15 10 8
5 11 4 14
12 6 13 3
16 2 7 9

No.348
1 15 10 8
5 14 11 4
16 3 6 9
12 2 7 13

No.349
1 15 10 8
6 12 13 3
16 2 7 9
11 5 4 14

No.350
1 15 10 8
12 6 3 13
7 9 16 2
14 4 5 11

No.351
1 15 10 8
12 13 6 3
5 4 11 14
16 2 7 9

No.352
1 15 10 8
14 4 5 11
7 9 16 2
12 6 3 13

No.353
1 15 10 8
14 11 4 5
3 6 13 12
16 2 7 9

No.354
1 15 10 8
16 6 3 9
5 11 14 4
12 2 7 13

No.355
1 15 12 6
3 13 8 10
14 4 9 7
16 2 5 11

No.356
1 15 12 6
4 14 9 7
13 3 8 10
16 2 5 11

No.357
1 15 12 6
7 9 4 14
10 8 13 3
16 2 5 11

No.358
1 15 12 6
7 14 9 4
10 3 8 13
16 2 5 11

No.359
1 15 12 6
8 10 13 3
14 4 7 9
11 5 2 16

No.360
1 15 12 6
10 8 3 13
7 9 14 4
16 2 5 11

No.361
1 15 12 6
10 13 8 3
7 4 9 14
16 2 5 11

No.362
1 15 12 6
13 8 3 10
4 9 14 7
16 2 5 11

No.363
1 15 12 6
14 4 7 9
8 10 13 3
11 5 2 16

No.364
1 15 12 6
14 9 4 7
3 8 13 10
16 2 5 11

No.365
1 15 14 4
5 11 8 10
12 6 9 7
16 2 3 13

No.366
1 15 14 4
6 12 9 7
11 5 8 10
16 2 3 13

No.367
1 15 14 4
7 9 6 12
10 8 11 5
16 2 3 13

No.368
1 15 14 4
7 12 9 6
10 5 8 11
16 2 3 13

No.369
1 15 14 4
8 10 11 5
12 6 7 9
13 3 2 16

No.370
1 15 14 4
10 8 5 11
7 9 12 6
16 2 3 13

No.371
1 15 14 4
10 11 8 5
7 6 9 12
16 2 3 13

No.372
1 15 14 4
11 8 5 10
6 9 12 7
16 2 3 13

No.373
1 15 14 4
12 6 7 9
8 10 11 5
13 3 2 16

No.374
1 15 14 4
12 9 6 7
5 8 11 10
16 2 3 13

No.375
1 16 2 15
12 9 7 6
13 4 14 3
8 5 11 10

No.376
1 16 3 14
8 11 6 9
13 2 15 4
12 5 10 7

No.377
1 16 3 14
12 7 10 5
13 2 15 4
8 9 6 11

No.378
1 16 3 14
13 7 10 4
12 2 15 5
8 9 6 11

No.379
1 16 3 14
13 11 6 4
8 2 15 9
12 5 10 7

No.380
1 16 4 13
6 11 7 10
15 2 14 3
12 5 9 8

No.381
1 16 4 13
7 10 6 11
14 3 15 2
12 5 9 8

No.382
1 16 4 13
10 7 11 6
15 2 14 3
8 9 5 12

No.383
1 16 4 13
11 6 10 7
14 3 15 2
8 9 5 12

No.384
1 16 5 12
8 13 4 9
10 3 14 7
15 2 11 6

No.385
1 16 5 12
10 6 11 7
15 3 14 2
8 9 4 13

No.386
1 16 5 12
10 13 4 7
8 3 14 9
15 2 11 6

No.387
1 16 5 12
15 6 11 2
10 3 14 7
8 9 4 13

No.388
1 16 6 11
4 13 7 10
15 2 12 5
14 3 9 8

No.389
1 16 6 11
7 10 4 13
12 5 15 2
14 3 9 8

No.390
1 16 6 11
10 7 13 4
15 2 12 5
8 9 3 14

No.391
1 16 6 11
13 4 10 7
12 5 15 2
8 9 3 14

No.392
1 16 7 10
4 13 6 11
14 3 12 5
15 2 9 8

No.393
1 16 7 10
6 11 4 13
12 5 14 3
15 2 9 8

No.394
1 16 7 10
11 5 12 6
14 4 13 3
8 9 2 15

No.395
1 16 7 10
11 6 13 4
14 3 12 5
8 9 2 15

No.396
1 16 7 10
13 4 11 6
12 5 14 3
8 9 2 15

No.397
1 16 7 10
14 5 12 3
11 4 13 6
8 9 2 15

No.398
1 16 9 8
4 10 7 13
15 5 12 2
14 3 6 11

No.399
1 16 9 8
4 11 6 13
14 5 12 3
15 2 7 10

No.400
1 16 9 8
14 5 4 11
7 10 15 2
12 3 6 13