No.401
1 16 9 8
14 11 6 3
4 5 12 13
15 2 7 10

No.402
1 16 9 8
15 10 7 2
4 5 12 13
14 3 6 11

No.403
1 16 10 7
4 13 11 6
15 2 8 9
14 3 5 12

No.404
1 16 10 7
6 11 13 4
15 2 8 9
12 5 3 14

No.405
1 16 10 7
11 6 4 13
8 9 15 2
14 3 5 12

No.406
1 16 10 7
13 4 6 11
8 9 15 2
12 5 3 14

No.407
1 16 11 6
4 13 10 7
14 3 8 9
15 2 5 12

No.408
1 16 11 6
7 10 13 4
14 3 8 9
12 5 2 15

No.409
1 16 11 6
10 7 4 13
8 9 14 3
15 2 5 12

No.410
1 16 11 6
13 4 7 10
8 9 14 3
12 5 2 15

No.411
1 16 13 4
6 9 8 11
12 7 10 5
15 2 3 14

No.412
1 16 13 4
6 11 10 7
12 5 8 9
15 2 3 14

No.413
1 16 13 4
7 10 11 6
12 5 8 9
14 3 2 15

No.414
1 16 13 4
10 7 6 11
8 9 12 5
15 2 3 14

No.415
1 16 13 4
11 6 7 10
8 9 12 5
14 3 2 15

No.416
1 16 13 4
12 9 8 5
6 7 10 11
15 2 3 14

No.417
2 1 15 16
14 13 3 4
11 8 10 5
7 12 6 9

No.418
2 1 16 15
11 13 4 6
14 8 9 3
7 12 5 10

No.419
2 1 16 15
14 13 4 3
11 8 9 6
7 12 5 10

No.420
3 1 14 16
8 15 2 9
13 6 11 4
10 12 7 5

No.421
3 1 14 16
12 15 2 5
13 10 7 4
6 8 11 9

No.422
3 1 14 16
13 15 2 4
8 6 11 9
10 12 7 5

No.423
3 1 14 16
13 15 2 4
12 10 7 5
6 8 11 9

No.424
3 1 16 14
13 15 4 2
8 6 9 11
10 12 5 7

No.425
3 1 16 14
13 15 4 2
12 10 5 7
6 8 9 11

No.426
3 1 16 14
15 13 2 4
6 8 11 9
10 12 5 7

No.427
3 1 16 14
15 13 2 4
10 12 7 5
6 8 9 11

No.428
4 1 13 16
14 15 3 2
7 6 10 11
9 12 8 5

No.429
4 1 13 16
14 15 3 2
11 10 6 7
5 8 12 9

No.430
4 1 13 16
15 14 2 3
6 7 11 10
9 12 8 5

No.431
4 1 13 16
15 14 2 3
10 11 7 6
5 8 12 9

No.432
4 1 14 15
12 9 6 7
13 8 11 2
5 16 3 10

No.433
4 1 14 15
13 11 8 2
12 6 9 7
5 16 3 10

No.434
4 1 14 15
13 16 3 2
7 6 9 12
10 11 8 5

No.435
4 1 14 15
13 16 3 2
11 10 5 8
6 7 12 9

No.436
4 1 14 15
16 13 2 3
5 8 11 10
9 12 7 6

No.437
4 1 14 15
16 13 2 3
9 12 7 6
5 8 11 10

No.438
4 1 15 14
7 16 2 9
10 5 11 8
13 12 6 3

No.439
4 1 15 14
8 11 5 10
13 6 12 3
9 16 2 7

No.440
4 1 15 14
9 16 2 7
8 5 11 10
13 12 6 3

No.441
4 1 15 14
12 9 7 6
13 8 10 3
5 16 2 11

No.442
4 1 15 14
13 10 8 3
12 7 9 6
5 16 2 11

No.443
4 1 15 14
13 12 6 3
8 5 11 10
9 16 2 7

No.444
4 1 15 14
13 16 2 3
6 7 9 12
11 10 8 5

No.445
4 1 15 14
13 16 2 3
10 11 5 8
7 6 12 9

No.446
4 1 15 14
16 13 3 2
5 8 10 11
9 12 6 7

No.447
4 1 15 14
16 13 3 2
9 12 6 7
5 8 10 11

No.448
4 1 16 13
5 14 3 12
15 8 9 2
10 11 6 7

No.449
4 1 16 13
5 15 2 12
14 8 9 3
11 10 7 6

No.450
4 1 16 13
6 12 5 11
15 7 10 2
9 14 3 8

No.451
4 1 16 13
9 14 3 8
15 12 5 2
6 7 10 11

No.452
4 1 16 13
9 15 2 8
14 12 5 3
7 6 11 10

No.453
4 1 16 13
11 15 6 2
14 10 3 7
5 8 9 12

No.454
4 1 16 13
14 15 2 3
5 8 9 12
11 10 7 6

No.455
4 1 16 13
14 15 2 3
9 12 5 8
7 6 11 10

No.456
4 1 16 13
15 11 2 6
10 14 7 3
5 8 9 12

No.457
4 1 16 13
15 12 5 2
6 7 10 11
9 14 3 8

No.458
4 1 16 13
15 14 3 2
5 8 9 12
10 11 6 7

No.459
4 1 16 13
15 14 3 2
9 12 5 8
6 7 10 11

No.460
4 13 6 11
16 1 10 7
9 8 15 2
5 12 3 14

No.461
4 13 7 10
16 1 11 6
9 8 14 3
5 12 2 15

No.462
4 13 10 7
16 1 6 11
5 12 15 2
9 8 3 14

No.463
4 13 11 6
16 1 7 10
5 12 14 3
9 8 2 15

No.464
4 14 5 11
15 1 10 8
9 7 16 2
6 12 3 13

No.465
4 14 7 9
15 1 12 6
10 8 13 3
5 11 2 16

No.466
4 14 9 7
15 1 6 12
5 11 16 2
10 8 3 13

No.467
4 14 11 5
15 1 8 10
6 12 13 3
9 7 2 16

No.468
4 15 5 10
14 1 11 8
9 6 16 3
7 12 2 13

No.469
4 15 6 9
14 1 12 7
11 8 13 2
5 10 3 16

No.470
4 15 9 6
14 1 7 12
5 10 16 3
11 8 2 13

No.471
4 15 10 5
14 1 8 11
7 12 13 2
9 6 3 16

No.472
4 16 5 9
13 1 12 8
10 6 15 3
7 11 2 14

No.473
4 16 5 9
13 1 12 8
11 7 14 2
6 10 3 15

No.474
4 16 9 5
13 1 8 12
6 10 15 3
11 7 2 14

No.475
4 16 9 5
13 1 8 12
7 11 14 2
10 6 3 15

No.476
5 1 12 16
8 14 3 9
10 4 13 7
11 15 6 2

No.477
5 1 12 16
10 14 3 7
8 4 13 9
11 15 6 2

No.478
5 1 12 16
10 14 3 7
15 11 6 2
4 8 13 9

No.479
5 1 12 16
15 14 3 2
10 11 6 7
4 8 13 9

No.480
5 1 16 12
10 14 7 3
8 4 9 13
11 15 2 6

No.481
5 1 16 12
10 14 7 3
15 11 2 6
4 8 9 13

No.482
5 1 16 12
14 10 3 7
4 8 13 9
11 15 2 6

No.483
5 1 16 12
14 10 3 7
11 15 6 2
4 8 9 13

No.484
5 11 6 12
16 1 10 7
9 8 15 2
4 14 3 13

No.485
5 14 3 12
16 1 10 7
9 8 15 2
4 11 6 13

No.486
5 14 11 4
16 1 8 9
3 12 13 6
10 7 2 15

No.487
5 16 3 10
14 1 12 7
11 8 13 2
4 9 6 15

No.488
5 16 9 4
11 1 8 14
6 10 15 3
12 7 2 13

No.489
5 16 9 4
14 1 8 11
3 10 15 6
12 7 2 13

No.490
6 1 11 16
12 15 5 2
7 4 10 13
9 14 8 3

No.491
6 1 11 16
12 15 5 2
13 10 4 7
3 8 14 9

No.492
6 1 11 16
15 12 2 5
4 7 13 10
9 14 8 3

No.493
6 1 11 16
15 12 2 5
10 13 7 4
3 8 14 9

No.494
6 1 12 15
4 16 5 9
13 3 10 8
11 14 7 2

No.495
6 1 12 15
8 10 3 13
11 7 14 2
9 16 5 4

No.496
6 1 12 15
9 16 5 4
8 3 10 13
11 14 7 2

No.497
6 1 12 15
11 14 7 2
8 3 10 13
9 16 5 4

No.498
6 1 12 15
11 16 5 2
7 4 9 14
10 13 8 3

No.499
6 1 12 15
11 16 5 2
13 10 3 8
4 7 14 9

No.500
6 1 12 15
16 11 2 5
3 8 13 10
9 14 7 4