No.501
6 1 12 15
16 11 2 5
9 14 7 4
3 8 13 10

No.502
6 1 15 12
3 16 2 13
14 9 7 4
11 8 10 5

No.503
6 1 15 12
11 8 10 5
14 9 7 4
3 16 2 13

No.504
6 1 15 12
11 16 2 5
4 7 9 14
13 10 8 3

No.505
6 1 15 12
11 16 2 5
10 13 3 8
7 4 14 9

No.506
6 1 15 12
13 16 2 3
4 9 7 14
11 8 10 5

No.507
6 1 15 12
14 7 9 4
11 10 8 5
3 16 2 13

No.508
6 1 15 12
16 11 5 2
3 8 10 13
9 14 4 7

No.509
6 1 15 12
16 11 5 2
9 14 4 7
3 8 10 13

No.510
6 1 16 11
3 12 5 14
15 8 9 2
10 13 4 7

No.511
6 1 16 11
3 14 7 10
13 4 9 8
12 15 2 5

No.512
6 1 16 11
3 15 2 14
12 8 9 5
13 10 7 4

No.513
6 1 16 11
7 10 3 14
9 8 13 4
12 15 2 5

No.514
6 1 16 11
7 15 10 2
12 4 5 13
9 14 3 8

No.515
6 1 16 11
9 12 5 8
15 14 3 2
4 7 10 13

No.516
6 1 16 11
9 15 2 8
12 14 3 5
7 4 13 10

No.517
6 1 16 11
10 12 7 5
15 13 2 4
3 8 9 14

No.518
6 1 16 11
12 10 5 7
13 15 4 2
3 8 9 14

No.519
6 1 16 11
12 15 2 5
3 8 9 14
13 10 7 4

No.520
6 1 16 11
12 15 2 5
9 14 3 8
7 4 13 10

No.521
6 1 16 11
15 7 2 10
4 12 13 5
9 14 3 8

No.522
6 1 16 11
15 12 5 2
3 8 9 14
10 13 4 7

No.523
6 1 16 11
15 12 5 2
9 14 3 8
4 7 10 13

No.524
6 10 7 11
16 1 12 5
9 8 13 4
3 15 2 14

No.525
6 11 4 13
16 1 10 7
9 8 15 2
3 14 5 12

No.526
6 11 7 10
16 1 13 4
9 8 12 5
3 14 2 15

No.527
6 11 10 7
16 1 4 13
3 14 15 2
9 8 5 12

No.528
6 11 13 4
16 1 7 10
3 14 12 5
9 8 2 15

No.529
6 12 3 13
15 1 10 8
9 7 16 2
4 14 5 11

No.530
6 12 7 9
15 1 14 4
10 8 11 5
3 13 2 16

No.531
6 12 9 7
15 1 4 14
3 13 16 2
10 8 5 11

No.532
6 12 13 3
15 1 8 10
4 14 11 5
9 7 2 16

No.533
6 15 2 11
16 1 12 5
9 8 13 4
3 10 7 14

No.534
6 15 3 10
12 1 13 8
9 4 16 5
7 14 2 11

No.535
6 15 4 9
12 1 14 7
13 8 11 2
3 10 5 16

No.536
6 15 9 4
12 1 7 14
3 10 16 5
13 8 2 11

No.537
6 15 10 3
12 1 8 13
7 14 11 2
9 4 5 16

No.538
6 16 3 9
11 1 14 8
10 4 15 5
7 13 2 12

No.539
6 16 3 9
11 1 14 8
13 7 12 2
4 10 5 15

No.540
6 16 9 3
10 1 8 15
7 12 13 2
11 5 4 14

No.541
6 16 9 3
11 1 8 14
4 10 15 5
13 7 2 12

No.542
6 16 9 3
11 1 8 14
7 13 12 2
10 4 5 15

No.543
6 16 9 3
15 1 8 10
2 12 13 7
11 5 4 14

No.544
7 1 10 16
11 13 4 6
14 12 5 3
2 8 15 9

No.545
7 1 10 16
12 14 5 3
6 4 11 13
9 15 8 2

No.546
7 1 10 16
12 14 5 3
13 11 4 6
2 8 15 9

No.547
7 1 10 16
14 12 3 5
4 6 13 11
9 15 8 2

No.548
7 1 10 16
14 12 3 5
11 13 6 4
2 8 15 9

No.549
7 1 10 16
14 13 4 3
11 12 5 6
2 8 15 9

No.550
7 1 12 14
10 16 5 3
6 4 9 15
11 13 8 2

No.551
7 1 12 14
10 16 5 3
13 11 2 8
4 6 15 9

No.552
7 1 12 14
16 10 3 5
2 8 13 11
9 15 6 4

No.553
7 1 12 14
16 10 3 5
9 15 6 4
2 8 13 11

No.554
7 1 14 12
2 13 8 11
15 4 9 6
10 16 3 5

No.555
7 1 14 12
2 16 3 13
15 9 6 4
10 8 11 5

No.556
7 1 14 12
6 9 4 15
11 8 13 2
10 16 3 5

No.557
7 1 14 12
10 8 11 5
15 9 6 4
2 16 3 13

No.558
7 1 14 12
10 16 3 5
4 6 9 15
13 11 8 2

No.559
7 1 14 12
10 16 3 5
11 13 2 8
6 4 15 9

No.560
7 1 14 12
11 13 8 2
6 4 9 15
10 16 3 5

No.561
7 1 14 12
13 16 3 2
4 9 6 15
10 8 11 5

No.562
7 1 14 12
15 6 9 4
10 11 8 5
2 16 3 13

No.563
7 1 14 12
15 9 4 6
2 8 13 11
10 16 3 5

No.564
7 1 14 12
15 9 4 6
10 16 5 3
2 8 11 13

No.565
7 1 14 12
16 10 5 3
2 8 11 13
9 15 4 6

No.566
7 1 14 12
16 10 5 3
9 15 4 6
2 8 11 13

No.567
7 1 16 10
2 12 5 15
14 8 9 3
11 13 4 6

No.568
7 1 16 10
2 14 3 15
12 8 9 5
13 11 6 4

No.569
7 1 16 10
2 15 4 13
11 6 9 8
14 12 5 3

No.570
7 1 16 10
4 13 2 15
9 8 11 6
14 12 5 3

No.571
7 1 16 10
6 14 11 3
12 4 5 13
9 15 2 8

No.572
7 1 16 10
9 12 5 8
14 15 2 3
4 6 11 13

No.573
7 1 16 10
9 14 3 8
12 15 2 5
6 4 13 11

No.574
7 1 16 10
11 8 9 6
14 13 4 3
2 12 5 15

No.575
7 1 16 10
12 14 3 5
2 8 9 15
13 11 6 4

No.576
7 1 16 10
12 14 3 5
9 15 2 8
6 4 13 11

No.577
7 1 16 10
14 6 3 11
4 12 13 5
9 15 2 8

No.578
7 1 16 10
14 8 9 3
11 13 4 6
2 12 5 15

No.579
7 1 16 10
14 12 5 3
2 8 9 15
11 13 4 6

No.580
7 1 16 10
14 12 5 3
9 15 2 8
4 6 11 13

No.581
7 10 4 13
16 1 11 6
9 8 14 3
2 15 5 12

No.582
7 10 6 11
16 1 13 4
9 8 12 5
2 15 3 14

No.583
7 10 11 6
16 1 4 13
2 15 14 3
9 8 5 12

No.584
7 10 13 4
16 1 6 11
2 15 12 5
9 8 3 14

No.585
7 12 2 13
14 1 11 8
9 6 16 3
4 15 5 10

No.586
7 12 5 10
16 1 14 3
9 8 11 6
2 13 4 15

No.587
7 12 6 9
14 1 15 4
11 8 10 5
2 13 3 16

No.588
7 12 9 6
14 1 4 15
2 13 16 3
11 8 5 10

No.589
7 12 13 2
14 1 8 11
4 15 10 5
9 6 3 16

No.590
7 13 4 10
16 1 14 3
9 8 11 6
2 12 5 15

No.591
7 14 2 11
12 1 13 8
9 4 16 5
6 15 3 10

No.592
7 14 4 9
12 1 15 6
13 8 10 3
2 11 5 16

No.593
7 14 9 4
12 1 6 15
2 11 16 5
13 8 3 10

No.594
7 14 11 2
12 1 8 13
6 15 10 3
9 4 5 16

No.595
7 16 2 9
10 1 15 8
11 4 14 5
6 13 3 12

No.596
7 16 2 9
10 1 15 8
13 6 12 3
4 11 5 14

No.597
7 16 9 2
10 1 8 15
4 11 14 5
13 6 3 12

No.598
7 16 9 2
10 1 8 15
6 13 12 3
11 4 5 14

No.599
7 16 9 2
12 1 8 13
5 14 11 4
10 3 6 15

No.600
7 16 9 2
13 1 8 12
4 14 11 5
10 3 6 15