No.601
8 1 10 15
3 13 6 12
14 4 11 5
9 16 7 2

No.602
8 1 10 15
5 11 4 14
12 6 13 3
9 16 7 2

No.603
8 1 10 15
11 14 5 4
13 12 3 6
2 7 16 9

No.604
8 1 10 15
12 13 6 3
5 4 11 14
9 16 7 2

No.605
8 1 10 15
13 12 3 6
11 14 5 4
2 7 16 9

No.606
8 1 10 15
14 11 4 5
3 6 13 12
9 16 7 2

No.607
8 1 11 14
2 13 7 12
15 4 10 5
9 16 6 3

No.608
8 1 11 14
5 10 4 15
12 7 13 2
9 16 6 3

No.609
8 1 11 14
10 15 5 4
13 12 2 7
3 6 16 9

No.610
8 1 11 14
12 13 7 2
5 4 10 15
9 16 6 3

No.611
8 1 11 14
13 12 2 7
10 15 5 4
3 6 16 9

No.612
8 1 11 14
15 10 4 5
2 7 13 12
9 16 6 3

No.613
8 1 12 13
3 15 10 6
14 2 7 11
9 16 5 4

No.614
8 1 12 13
5 16 9 4
11 2 7 14
10 15 6 3

No.615
8 1 12 13
6 10 3 15
9 7 14 4
11 16 5 2

No.616
8 1 12 13
6 15 10 3
11 2 7 14
9 16 5 4

No.617
8 1 12 13
9 14 7 4
6 3 10 15
11 16 5 2

No.618
8 1 12 13
10 15 6 3
5 4 9 16
11 14 7 2

No.619
8 1 12 13
11 7 2 14
6 10 15 3
9 16 5 4

No.620
8 1 12 13
11 14 7 2
5 4 9 16
10 15 6 3

No.621
8 1 12 13
14 7 2 11
3 10 15 6
9 16 5 4

No.622
8 1 12 13
14 11 2 7
9 16 5 4
3 6 15 10

No.623
8 1 12 13
15 10 3 6
9 16 5 4
2 7 14 11

No.624
8 1 13 12
2 11 7 14
15 6 10 3
9 16 4 5

No.625
8 1 13 12
3 10 6 15
14 7 11 2
9 16 4 5

No.626
8 1 13 12
10 15 3 6
11 14 2 7
5 4 16 9

No.627
8 1 13 12
11 14 2 7
10 15 3 6
5 4 16 9

No.628
8 1 13 12
14 11 7 2
3 6 10 15
9 16 4 5

No.629
8 1 13 12
15 10 6 3
2 7 11 14
9 16 4 5

No.630
8 1 14 11
10 15 4 5
3 6 9 16
13 12 7 2

No.631
8 1 14 11
12 13 2 7
9 16 3 6
5 4 15 10

No.632
8 1 14 11
13 12 7 2
3 6 9 16
10 15 4 5

No.633
8 1 14 11
15 10 5 4
9 16 3 6
2 7 12 13

No.634
8 1 15 10
4 11 5 14
9 6 12 7
13 16 2 3

No.635
8 1 15 10
5 16 2 11
12 13 3 6
9 4 14 7

No.636
8 1 15 10
9 12 6 7
4 5 11 14
13 16 2 3

No.637
8 1 15 10
11 14 4 5
2 7 9 16
13 12 6 3

No.638
8 1 15 10
11 16 2 5
6 13 3 12
9 4 14 7

No.639
8 1 15 10
12 13 3 6
9 16 2 7
5 4 14 11

No.640
8 1 15 10
13 12 6 3
2 7 9 16
11 14 4 5

No.641
8 1 15 10
14 11 5 4
9 16 2 7
3 6 12 13

No.642
8 1 16 9
2 12 5 15
11 7 10 6
13 14 3 4

No.643
8 1 16 9
2 15 10 7
13 4 5 12
11 14 3 6

No.644
8 1 16 9
3 14 11 6
13 4 5 12
10 15 2 7

No.645
8 1 16 9
10 7 2 15
5 12 13 4
11 14 3 6

No.646
8 1 16 9
11 6 3 14
5 12 13 4
10 15 2 7

No.647
8 1 16 9
11 12 5 6
2 7 10 15
13 14 3 4

No.648
8 10 3 13
15 1 12 6
9 7 14 4
2 16 5 11

No.649
8 10 5 11
15 1 14 4
9 7 12 6
2 16 3 13

No.650
8 10 11 5
14 1 4 15
3 16 13 2
9 7 6 12

No.651
8 10 11 5
15 1 4 14
2 16 13 3
9 7 6 12

No.652
8 10 13 3
12 1 6 15
5 16 11 2
9 7 4 14

No.653
8 10 13 3
15 1 6 12
2 16 11 5
9 7 4 14

No.654
8 11 2 13
14 1 12 7
9 6 15 4
3 16 5 10

No.655
8 11 5 10
14 1 15 4
9 6 12 7
3 16 2 13

No.656
8 11 10 5
14 1 4 15
3 16 13 2
9 6 7 12

No.657
8 11 10 5
15 1 4 14
2 16 13 3
9 6 7 12

No.658
8 11 13 2
12 1 7 14
5 16 10 3
9 6 4 15

No.659
8 11 13 2
14 1 7 12
3 16 10 5
9 6 4 15

No.660
8 12 5 9
10 1 16 7
13 6 11 4
3 15 2 14

No.661
8 12 5 9
11 1 16 6
13 7 10 4
2 14 3 15

No.662
8 12 5 9
13 1 16 4
10 6 11 7
3 15 2 14

No.663
8 12 5 9
13 1 16 4
11 7 10 6
2 14 3 15

No.664
8 12 9 5
13 1 4 16
2 14 15 3
11 7 6 10

No.665
8 12 9 5
13 1 4 16
3 15 14 2
10 6 7 11

No.666
8 13 2 11
12 1 14 7
9 4 15 6
5 16 3 10

No.667
8 13 3 10
12 1 15 6
9 4 14 7
5 16 2 11

No.668
8 13 10 3
12 1 6 15
5 16 11 2
9 4 7 14

No.669
8 13 10 3
15 1 6 12
2 16 11 5
9 4 7 14

No.670
8 13 11 2
12 1 7 14
5 16 10 3
9 4 6 15

No.671
8 13 11 2
14 1 7 12
3 16 10 5
9 4 6 15

No.672
8 14 3 9
10 1 16 7
11 4 13 6
5 15 2 12

No.673
8 14 3 9
11 1 16 6
10 4 13 7
5 15 2 12

No.674
8 14 3 9
11 1 16 6
13 7 10 4
2 12 5 15

No.675
8 14 3 9
13 1 16 4
11 7 10 6
2 12 5 15

No.676
8 14 9 3
11 1 6 16
2 12 15 5
13 7 4 10

No.677
8 14 9 3
11 1 6 16
5 15 12 2
10 4 7 13

No.678
8 15 2 9
10 1 16 7
11 4 13 6
5 14 3 12

No.679
8 15 2 9
10 1 16 7
13 6 11 4
3 12 5 14

No.680
8 15 2 9
11 1 16 6
10 4 13 7
5 14 3 12

No.681
8 15 2 9
13 1 16 4
10 6 11 7
3 12 5 14

No.682
8 15 9 2
10 1 7 16
3 12 14 5
13 6 4 11

No.683
8 15 9 2
10 1 7 16
5 14 12 3
11 4 6 13

No.684
9 1 8 16
4 12 5 13
14 6 11 3
7 15 10 2

No.685
9 1 8 16
4 12 5 13
15 7 10 2
6 14 11 3

No.686
9 1 8 16
14 12 5 3
4 6 11 13
7 15 10 2

No.687
9 1 8 16
15 7 2 10
6 12 13 3
4 14 11 5

No.688
9 1 8 16
15 12 5 2
4 7 10 13
6 14 11 3

No.689
9 1 16 8
4 12 13 5
14 6 3 11
7 15 2 10

No.690
9 1 16 8
4 12 13 5
15 7 2 10
6 14 3 11

No.691
9 1 16 8
6 7 10 11
15 12 5 2
4 14 3 13

No.692
9 1 16 8
12 4 5 13
6 14 11 3
7 15 2 10

No.693
9 1 16 8
12 4 5 13
7 15 10 2
6 14 3 11

No.694
9 1 16 8
15 7 10 2
6 12 5 11
4 14 3 13

No.695
9 6 11 8
16 1 4 13
2 15 14 3
7 12 5 10

No.696
9 7 12 6
14 1 4 15
3 16 13 2
8 10 5 11

No.697
9 7 12 6
15 1 4 14
2 16 13 3
8 10 5 11

No.698
9 7 14 4
12 1 6 15
5 16 11 2
8 10 3 13

No.699
9 7 14 4
15 1 6 12
2 16 11 5
8 10 3 13

No.700
9 12 5 8
7 1 16 10
14 6 11 3
4 15 2 13