No.701
9 12 5 8
14 1 16 3
7 6 11 10
4 15 2 13

No.702
9 12 5 8
16 1 4 13
2 15 14 3
7 6 11 10

No.703
9 12 6 7
16 1 15 2
5 8 10 11
4 13 3 14

No.704
9 12 7 6
14 1 4 15
3 16 13 2
8 5 10 11

No.705
9 12 7 6
15 1 4 14
2 16 13 3
8 5 10 11

No.706
9 14 3 8
7 1 16 10
12 4 13 5
6 15 2 11

No.707
9 14 3 8
12 1 16 5
7 4 13 10
6 15 2 11

No.708
9 14 7 4
12 1 6 15
5 16 11 2
8 3 10 13

No.709
9 14 7 4
15 1 6 12
2 16 11 5
8 3 10 13

No.710
9 15 2 8
7 1 16 10
12 4 13 5
6 14 3 11

No.711
9 15 2 8
7 1 16 10
14 6 11 3
4 12 5 13

No.712
9 15 2 8
12 1 16 5
7 4 13 10
6 14 3 11

No.713
9 15 2 8
14 1 16 3
7 6 11 10
4 12 5 13

No.714
9 16 2 7
6 1 15 12
11 4 14 5
8 13 3 10

No.715
9 16 2 7
12 1 15 6
5 4 14 11
8 13 3 10

No.716
9 16 5 4
12 1 8 13
6 15 10 3
7 2 11 14

No.717
10 1 7 16
8 15 9 2
11 4 6 13
5 14 12 3

No.718
10 1 7 16
8 15 9 2
13 6 4 11
3 12 14 5

No.719
10 1 7 16
15 8 2 9
4 11 13 6
5 14 12 3

No.720
10 1 7 16
15 8 2 9
6 13 11 4
3 12 14 5

No.721
10 1 8 15
4 16 9 5
13 3 6 12
7 14 11 2

No.722
10 1 8 15
5 16 9 4
12 3 6 13
7 14 11 2

No.723
10 1 8 15
7 13 12 2
14 4 5 11
3 16 9 6

No.724
10 1 8 15
7 14 11 2
12 3 6 13
5 16 9 4

No.725
10 1 8 15
7 16 9 2
11 4 5 14
6 13 12 3

No.726
10 1 8 15
7 16 9 2
13 6 3 12
4 11 14 5

No.727
10 1 8 15
12 6 3 13
7 11 14 2
5 16 9 4

No.728
10 1 8 15
14 5 4 11
7 12 13 2
3 16 9 6

No.729
10 1 8 15
16 7 2 9
3 12 13 6
5 14 11 4

No.730
10 1 8 15
16 7 2 9
5 14 11 4
3 12 13 6

No.731
10 1 15 8
6 13 3 12
11 16 2 5
7 4 14 9

No.732
10 1 15 8
7 6 12 9
14 11 5 4
3 16 2 13

No.733
10 1 15 8
7 16 2 9
4 11 5 14
13 6 12 3

No.734
10 1 15 8
7 16 2 9
6 13 3 12
11 4 14 5

No.735
10 1 15 8
12 13 3 6
5 16 2 11
7 4 14 9

No.736
10 1 15 8
14 5 11 4
7 12 6 9
3 16 2 13

No.737
10 1 15 8
16 7 9 2
3 12 6 13
5 14 4 11

No.738
10 1 15 8
16 7 9 2
5 14 4 11
3 12 6 13

No.739
10 1 16 7
3 8 9 14
15 12 5 2
6 13 4 11

No.740
10 1 16 7
3 13 4 14
6 8 9 11
15 12 5 2

No.741
10 1 16 7
3 15 2 14
8 12 5 9
13 6 11 4

No.742
10 1 16 7
5 8 9 12
15 14 3 2
4 11 6 13

No.743
10 1 16 7
5 12 13 4
11 6 3 14
8 15 2 9

No.744
10 1 16 7
5 15 2 12
8 14 3 9
11 4 13 6

No.745
10 1 16 7
6 8 11 9
15 13 2 4
3 12 5 14

No.746
10 1 16 7
6 13 4 11
3 8 9 14
15 12 5 2

No.747
10 1 16 7
8 6 9 11
13 15 4 2
3 12 5 14

No.748
10 1 16 7
8 15 2 9
3 12 5 14
13 6 11 4

No.749
10 1 16 7
8 15 2 9
5 14 3 12
11 4 13 6

No.750
10 1 16 7
13 4 5 12
3 14 11 6
8 15 2 9

No.751
10 1 16 7
15 8 9 2
3 12 5 14
6 13 4 11

No.752
10 1 16 7
15 8 9 2
5 14 3 12
4 11 6 13

No.753
10 4 13 7
16 1 8 9
3 14 11 6
5 15 2 12

No.754
10 6 11 7
13 1 4 16
3 15 14 2
8 12 5 9

No.755
10 6 15 3
12 1 8 13
5 16 9 4
7 11 2 14

No.756
10 6 15 3
13 1 8 12
4 16 9 5
7 11 2 14

No.757
10 7 4 13
16 1 6 11
5 12 15 2
3 14 9 8

No.758
10 7 6 11
16 1 4 13
3 14 15 2
5 12 9 8

No.759
10 7 11 6
16 1 13 4
5 12 8 9
3 14 2 15

No.760
10 7 13 4
16 1 11 6
3 14 8 9
5 12 2 15

No.761
10 8 3 13
15 1 6 12
5 11 16 2
4 14 9 7

No.762
10 8 5 11
15 1 4 14
3 13 16 2
6 12 9 7

No.763
10 8 11 5
15 1 14 4
6 12 7 9
3 13 2 16

No.764
10 8 13 3
15 1 12 6
4 14 7 9
5 11 2 16

No.765
10 12 5 7
6 1 16 11
15 8 9 2
3 13 4 14

No.766
10 12 5 7
13 1 4 16
3 15 14 2
8 6 11 9

No.767
10 12 5 7
15 1 16 2
6 8 9 11
3 13 4 14

No.768
10 13 3 8
6 1 15 12
11 4 14 5
7 16 2 9

No.769
10 13 3 8
12 1 15 6
5 4 14 11
7 16 2 9

No.770
10 13 4 7
6 1 16 11
15 8 9 2
3 12 5 14

No.771
10 13 4 7
15 1 16 2
6 8 9 11
3 12 5 14

No.772
10 15 2 7
16 1 8 9
3 14 11 6
5 4 13 12

No.773
10 15 3 6
8 1 13 12
5 4 16 9
11 14 2 7

No.774
10 15 4 5
8 1 14 11
13 12 7 2
3 6 9 16

No.775
10 15 5 4
8 1 11 14
3 6 16 9
13 12 2 7

No.776
10 15 6 3
8 1 12 13
11 14 7 2
5 4 9 16

No.777
10 15 6 3
12 1 8 13
5 16 9 4
7 2 11 14

No.778
10 15 6 3
13 1 8 12
4 16 9 5
7 2 11 14

No.779
10 16 3 5
4 1 14 15
13 8 11 2
7 9 6 12

No.780
10 16 3 5
7 1 14 12
6 4 15 9
11 13 2 8

No.781
10 16 3 5
7 1 14 12
13 11 8 2
4 6 9 15

No.782
10 16 3 5
15 1 14 4
2 8 11 13
7 9 6 12

No.783
10 16 5 3
7 1 12 14
4 6 15 9
13 11 2 8

No.784
10 16 5 3
7 1 12 14
11 13 8 2
6 4 9 15

No.785
11 1 6 16
8 14 9 3
10 4 7 13
5 15 12 2

No.786
11 1 6 16
8 14 9 3
13 7 4 10
2 12 15 5

No.787
11 1 6 16
14 8 3 9
4 10 13 7
5 15 12 2

No.788
11 1 6 16
14 8 3 9
7 13 10 4
2 12 15 5

No.789
11 1 8 14
2 16 9 7
15 5 4 10
6 12 13 3

No.790
11 1 8 14
6 12 13 3
15 5 4 10
2 16 9 7

No.791
11 1 8 14
6 16 9 3
10 4 5 15
7 13 12 2

No.792
11 1 8 14
6 16 9 3
13 7 2 12
4 10 15 5

No.793
11 1 8 14
7 16 9 2
10 5 4 15
6 12 13 3

No.794
11 1 8 14
15 4 5 10
6 13 12 3
2 16 9 7

No.795
11 1 8 14
16 6 3 9
2 12 13 7
5 15 10 4

No.796
11 1 8 14
16 6 3 9
5 15 10 4
2 12 13 7

No.797
11 1 14 8
6 16 3 9
4 10 5 15
13 7 12 2

No.798
11 1 14 8
6 16 3 9
7 13 2 12
10 4 15 5

No.799
11 1 14 8
16 6 9 3
2 12 7 13
5 15 4 10

No.800
11 1 14 8
16 6 9 3
5 15 4 10
2 12 7 13