No.801
11 1 16 6
2 8 9 15
14 12 5 3
7 13 4 10

No.802
11 1 16 6
2 14 3 15
8 12 5 9
13 7 10 4

No.803
11 1 16 6
2 15 4 13
7 10 5 12
14 8 9 3

No.804
11 1 16 6
4 8 13 9
14 10 3 7
5 15 2 12

No.805
11 1 16 6
4 13 2 15
5 12 7 10
14 8 9 3

No.806
11 1 16 6
5 8 9 12
14 15 2 3
4 10 7 13

No.807
11 1 16 6
5 12 13 4
10 7 2 15
8 14 3 9

No.808
11 1 16 6
5 14 3 12
8 15 2 9
10 4 13 7

No.809
11 1 16 6
8 4 9 13
10 14 7 3
5 15 2 12

No.810
11 1 16 6
8 14 3 9
2 12 5 15
13 7 10 4

No.811
11 1 16 6
8 14 3 9
5 15 2 12
10 4 13 7

No.812
11 1 16 6
13 4 5 12
2 15 10 7
8 14 3 9

No.813
11 1 16 6
14 8 9 3
2 12 5 15
7 13 4 10

No.814
11 1 16 6
14 8 9 3
5 15 2 12
4 10 7 13

No.815
11 4 13 6
16 1 8 9
2 15 10 7
5 14 3 12

No.816
11 5 10 8
14 1 4 15
3 16 13 2
6 12 7 9

No.817
11 5 10 8
15 1 4 14
2 16 13 3
6 12 7 9

No.818
11 5 14 4
10 1 8 15
7 16 9 2
6 12 3 13

No.819
11 5 14 4
15 1 8 10
2 16 9 7
6 12 3 13

No.820
11 6 4 13
16 1 7 10
5 12 14 3
2 15 9 8

No.821
11 6 7 10
16 1 4 13
2 15 14 3
5 12 9 8

No.822
11 6 10 7
16 1 13 4
5 12 8 9
2 15 3 14

No.823
11 6 13 4
16 1 10 7
2 15 8 9
5 12 3 14

No.824
11 8 2 13
14 1 7 12
5 10 16 3
4 15 9 6

No.825
11 8 5 10
14 1 4 15
2 13 16 3
7 12 9 6

No.826
11 8 9 6
16 1 14 3
5 12 7 10
2 13 4 15

No.827
11 8 10 5
14 1 15 4
7 12 6 9
2 13 3 16

No.828
11 8 13 2
14 1 12 7
4 15 6 9
5 10 3 16

No.829
11 10 5 8
14 1 4 15
3 16 13 2
6 7 12 9

No.830
11 10 5 8
15 1 4 14
2 16 13 3
6 7 12 9

No.831
11 10 7 6
5 1 16 12
14 8 9 3
4 15 2 13

No.832
11 10 7 6
14 1 16 3
5 8 9 12
4 15 2 13

No.833
11 13 4 6
16 1 14 3
5 12 7 10
2 8 9 15

No.834
11 14 2 7
8 1 13 12
5 4 16 9
10 15 3 6

No.835
11 14 3 6
5 1 16 12
10 4 13 7
8 15 2 9

No.836
11 14 3 6
10 1 16 7
5 4 13 12
8 15 2 9

No.837
11 14 3 6
16 1 8 9
2 15 10 7
5 4 13 12

No.838
11 14 4 5
8 1 15 10
13 12 6 3
2 7 9 16

No.839
11 14 5 4
8 1 10 15
2 7 16 9
13 12 3 6

No.840
11 14 5 4
10 1 8 15
7 16 9 2
6 3 12 13

No.841
11 14 5 4
15 1 8 10
2 16 9 7
6 3 12 13

No.842
11 14 7 2
8 1 12 13
10 15 6 3
5 4 9 16

No.843
11 15 2 6
5 1 16 12
10 4 13 7
8 14 3 9

No.844
11 15 2 6
5 1 16 12
14 8 9 3
4 10 7 13

No.845
11 15 2 6
10 1 16 7
5 4 13 12
8 14 3 9

No.846
11 15 2 6
14 1 16 3
5 8 9 12
4 10 7 13

No.847
11 16 2 5
4 1 15 14
13 8 10 3
6 9 7 12

No.848
11 16 2 5
6 1 15 12
7 4 14 9
10 13 3 8

No.849
11 16 2 5
6 1 15 12
13 10 8 3
4 7 9 14

No.850
11 16 2 5
14 1 15 4
3 8 10 13
6 9 7 12

No.851
11 16 5 2
6 1 12 15
4 7 14 9
13 10 3 8

No.852
11 16 5 2
6 1 12 15
10 13 8 3
7 4 9 14

No.853
11 16 5 2
8 1 12 13
9 14 7 4
6 3 10 15

No.854
11 16 5 2
13 1 12 8
4 14 7 9
6 3 10 15

No.855
12 1 6 15
3 13 10 8
14 4 7 9
5 16 11 2

No.856
12 1 6 15
7 14 9 4
13 8 3 10
2 11 16 5

No.857
12 1 6 15
8 13 10 3
9 4 7 14
5 16 11 2

No.858
12 1 6 15
9 7 4 14
8 10 13 3
5 16 11 2

No.859
12 1 6 15
13 8 3 10
7 14 9 4
2 11 16 5

No.860
12 1 6 15
14 7 4 9
3 10 13 8
5 16 11 2

No.861
12 1 7 14
2 13 11 8
15 4 6 9
5 16 10 3

No.862
12 1 7 14
6 15 9 4
13 8 2 11
3 10 16 5

No.863
12 1 7 14
8 13 11 2
9 4 6 15
5 16 10 3

No.864
12 1 7 14
9 6 4 15
8 11 13 2
5 16 10 3

No.865
12 1 7 14
13 8 2 11
6 15 9 4
3 10 16 5

No.866
12 1 7 14
15 6 4 9
2 11 13 8
5 16 10 3

No.867
12 1 8 13
3 16 9 6
14 7 2 11
5 10 15 4

No.868
12 1 8 13
5 14 11 4
10 3 6 15
7 16 9 2

No.869
12 1 8 13
6 15 10 3
9 4 5 16
7 14 11 2

No.870
12 1 8 13
6 16 9 3
11 7 2 14
5 10 15 4

No.871
12 1 8 13
7 14 11 2
9 4 5 16
6 15 10 3

No.872
12 1 8 13
10 6 3 15
5 11 14 4
7 16 9 2

No.873
12 1 8 13
14 7 2 11
5 16 9 4
3 10 15 6

No.874
12 1 8 13
15 6 3 10
5 16 9 4
2 11 14 7

No.875
12 1 13 8
2 7 11 14
15 10 6 3
5 16 4 9

No.876
12 1 13 8
3 6 10 15
14 11 7 2
5 16 4 9

No.877
12 1 13 8
6 15 3 10
7 14 2 11
9 4 16 5

No.878
12 1 13 8
7 14 2 11
6 15 3 10
9 4 16 5

No.879
12 1 13 8
14 7 11 2
3 10 6 15
5 16 4 9

No.880
12 1 13 8
15 6 10 3
2 11 7 14
5 16 4 9